-3.500000000000000000e+00 -4.875000000000000000e+00 4.290846133888413050e+01
-1.099999999999999645e+00 -4.745000000000000107e+00 1.508681720865374309e+01
-5.099999999999999645e+00 -2.535000000000000142e+00 1.018672243616307149e+01
-9.999999999999964473e-02 -5.394999999999999574e+00 2.985920950202017110e+01
-9.900000000000000355e+00 -3.445000000000000284e+00 5.081436159963629962e+01
-7.900000000000000355e+00 -1.625000000000000000e+00 3.389653186140522223e+01
-6.299999999999999822e+00 -5.849999999999999645e-01 4.323387787701265950e+01
-6.500000000000000000e+00 -1.950000000000002842e-01 4.361998366880969513e+01
-8.300000000000000711e+00 -3.574999999999999734e+00 2.498018457908172962e+01
-9.000000000000003553e-01 -2.274999999999999467e+00 1.488009871561390618e+01
-7.099999999999999645e+00 -1.365000000000000213e+00 6.617398902357439283e+01
-6.999999999999992895e-01 -3.964999999999999858e+00 1.225654696641377228e+01
-2.700000000000000178e+00 -3.054999999999999716e+00 -6.064383016583591690e+00
-6.900000000000000355e+00 -1.495000000000000107e+00 7.221133176091893802e+01
-8.900000000000000355e+00 -1.104999999999999538e+00 5.565250080761003915e-01
-5.000000000000000000e-01 -3.705000000000000071e+00 1.190451734198773970e+01
-9.699999999999999289e+00 -6.174999999999999822e+00 1.537150586152701770e+01
-1.899999999999998579e+00 -2.794999999999999485e+00 -3.101538125851061700e+00
-5.300000000000000711e+00 -1.754999999999999893e+00 3.966342947756251647e+01
-4.100000000000000533e+00 -4.095000000000000639e+00 9.142780352357808837e+00
-8.500000000000000000e+00 -3.314999999999999947e+00 2.793670551563969795e+01
-1.500000000000000000e+00 -4.615000000000000213e+00 1.213424206710634046e+01
-9.300000000000000711e+00 -2.924999999999999822e+00 2.492455215932289647e+01
-2.299999999999999822e+00 -3.185000000000000053e+00 -1.834719977762733212e-01
-4.900000000000000355e+00 -2.144999999999999574e+00 1.146384078255148253e+01
-1.300000000000000711e+00 -1.884999999999999787e+00 1.075214643772833512e+01
-3.900000000000000355e+00 -6.434999999999999609e+00 7.202295344482285699e-01
-9.500000000000000000e+00 -3.834999999999999964e+00 6.546118056994751555e+01
-6.099999999999999645e+00 -9.750000000000005329e-01 5.319838374109369283e+01
-2.099999999999999645e+00 -4.484999999999999432e+00 1.456213678567320891e+01
-4.699999999999999289e+00 -6.044999999999999929e+00 2.444354954161535254e+00
-2.900000000000000355e+00 -6.304999999999999716e+00 7.774456434092664736e+00
-3.700000000000000178e+00 -5.915000000000000036e+00 1.458162350011655306e+01
-9.099999999999999645e+00 -4.550000000000000711e-01 4.769053121153312702e+01
-3.299999999999999822e+00 -4.224999999999999645e+00 4.574608858822315227e+01
-5.899999999999999467e+00 -1.234999999999999432e+00 6.143983901133237424e+01
-7.700000000000000178e+00 -5.264999999999999680e+00 7.829050739345611909e+00
-7.299999999999999822e+00 -6.500000000000039080e-02 5.389920474721824206e+01
-3.099999999999999645e+00 -5.785000000000000142e+00 3.189558690039083544e+01
-1.699999999999999289e+00 -5.525000000000000355e+00 1.694755854034657716e+01
-5.700000000000000178e+00 -5.655000000000000249e+00 1.595377939817435697e+00
-8.699999999999999289e+00 -7.149999999999998579e-01 3.820204156604532386e+01
-5.500000000000000000e+00 -2.014999999999999680e+00 3.765488036930080540e+01
-4.299999999999998934e+00 -8.449999999999997513e-01 -1.893827606150678022e+00
-6.699999999999999289e+00 -4.355000000000000426e+00 7.360771889628860976e+00
-2.500000000000000000e+00 -3.250000000000001776e-01 -8.023181862111606222e+00
-3.000000000000007105e-01 -2.405000000000000249e+00 1.938672365981530987e+01
-4.500000000000000000e+00 -2.665000000000000036e+00 -3.903029556143655654e-01
-7.500000000000000000e+00 -5.134999999999999787e+00 7.340205268853789988e+00
-8.099999999999999645e+00 -5.004999999999999893e+00 1.383004290566824324e+01
-4.920559205501048083e+00 -4.656860213545011007e+00 2.149748230815882177e+00
-7.835430306980214255e+00 -5.698269870854386632e+00 6.036803278589528254e+00
-2.208544431202925651e+00 -3.296907479765478488e+00 1.939782518196878414e+00
-2.162505042330584715e+00 -3.713109367021629303e+00 7.839467543622534507e+00
-7.650697357873177396e+00 -2.134964572197839416e-01 5.578821292139627275e+01
-8.586763594490552265e+00 -4.642505898506297690e+00 3.105433728955265593e+01
-7.921954704506664946e+00 -1.967388709561611826e+00 2.983644111513431341e+01
-9.508133209981316725e+00 -3.264499364159407335e+00 4.343240834641787274e+01
-8.093501046486885286e+00 -2.064438368840537663e-01 6.024495657576125751e+01
-3.156662527364799686e+00 -1.712842799412896078e+00 -1.043807579273128994e+02
-8.024205035056917623e+00 -4.153253256324374476e+00 1.813861987656665775e+01
-8.915549638819257439e+00 -2.418613395812914568e+00 6.302654343591207464e+00
-7.579042925466739078e+00 -5.999328529681594802e+00 3.427528885860139596e+00
-7.218380261827157085e+00 -3.690766362791318311e+00 1.380581379015441001e+01
-7.029897927745926367e+00 -5.503142610685220149e+00 3.887345864050506083e+00
-9.927824645649808488e+00 -2.178134219290175366e+00 8.167045257357742116e+00
-9.047251998075404700e+00 -4.188865550808092308e+00 5.851238188901118775e+01
-7.176403247650124051e+00 -5.314764960311983977e+00 5.059385948022448787e+00
-7.726125449988519911e+00 -3.414084377362155642e+00 1.938742456702918204e+01
-4.801324620718975922e+00 -4.484600732194555128e+00 2.423832705832021261e+00
-8.273409653241385442e+00 -1.455002793761399182e+00 1.764638941914909864e+01
-7.603583067812818896e+00 -4.138916260112045720e+00 1.373731643887320075e+01
-3.009908606513408635e+00 -4.824363993823211239e+00 5.471421689292703405e+01
-3.749264373614058954e+00 -1.848664435557514807e+00 -6.138485760875884267e+01
-5.211838562661133878e+00 -5.342842434934969020e+00 1.573862112049370543e+00
-5.400000000000000355e+00 -6.110000000000000320e+00 1.960174224516735952e+00
-1.999999999999992895e-01 -1.950000000000000178e+00 4.261085506323769323e+01
-7.400000000000000355e+00 -1.299999999999998934e-01 5.424634221523595556e+01
-1.799999999999998934e+00 -5.849999999999999645e+00 1.797697348016630059e+01
-9.400000000000000355e+00 -3.769999999999999574e+00 6.256865192485601312e+01
-1.400000000000000355e+00 -5.330000000000000071e+00 1.724447430452660512e+01
-5.000000000000000000e+00 -1.169999999999999929e+00 2.448182572724647343e+01
-2.199999999999999289e+00 -6.370000000000000107e+00 1.439068590677077175e+01
-4.199999999999999289e+00 -5.589999999999999858e+00 7.262155798218149272e+00
-5.799999999999999822e+00 -4.029999999999999361e+00 4.850262683813561182e+00
-6.600000000000000533e+00 -4.810000000000000497e+00 5.152062009643314511e+00
-6.200000000000000178e+00 -3.900000000000005684e-01 4.007154434456235492e+01
-3.000000000000000000e+00 -2.469999999999999751e+00 -4.611959317745981224e+01
-8.599999999999999645e+00 -4.549999999999999822e+00 3.224838421139240552e+01
-7.799999999999999822e+00 -9.100000000000001421e-01 4.686666084209000616e+01
-6.000000000000014211e-01 -2.209999999999999964e+00 2.303465962894415497e+01
-3.799999999999999822e+00 -4.290000000000000036e+00 2.198934648278585158e+01
-9.800000000000000711e+00 -1.690000000000000391e+00 -2.484887789561739169e+01
-9.000000000000000000e+00 -3.510000000000000231e+00 4.265741183674815318e+01
-7.000000000000000000e+00 -5.070000000000000284e+00 5.477047172501856132e+00
-2.599999999999999645e+00 -2.989999999999999769e+00 -7.818752598425537492e+00
-4.599999999999999645e+00 -2.729999999999999538e+00 1.322354308729542627e+00
-1.000000000000000000e+00 -1.429999999999999716e+00 2.731926131563834304e+01
-3.399999999999999467e+00 -3.250000000000000000e+00 3.059203045595385362e+00
-8.199999999999999289e+00 -6.499999999999994671e-01 4.890486762261487286e+01
-5.731236143774296465e-01 -3.090724400368802804e-01 4.360970018871031861e+00
-5.563242307090407124e+00 -3.293201937175755933e+00 6.859478501355464886e+00
-1.532783303107770223e+00 -5.767373088695032735e+00 1.922531511142806693e+01
-2.477442426569038680e+00 -1.452879163913140204e+00 -6.500666283203705120e+01
-2.075155193624143912e+00 -3.007767809876860099e+00 -2.080596612636190557e+00
-3.189827266958288554e+00 -4.323099978304657753e+00 5.055854640945062073e+01
-4.430861905212658769e+00 -8.173644192475792991e-01 3.796114696343224182e+00
-9.044723940996778566e+00 -2.866817346793304466e-01 6.022505211567335692e+01
-5.398503332412861511e+00 -3.958293326835867543e+00 3.589714930779643431e+00
-9.385300360439858380e+00 -2.568090774350722416e+00 6.151250960556296832e+00
-2.259992225568808522e+00 -7.630858541023366470e-01 -1.890596886748052441e+01
-8.683929440893464857e+00 -1.475938649398655045e+00 -8.020379367176573737e+00
-1.513722162875575705e+00 -6.013757269970813724e+00 2.099569874559400873e+01
-9.081617332881718241e+00 -6.513082281160560427e-01 3.233984242520986641e+01
-8.735270620775246186e-01 -1.925024110607159500e+00 2.749444525835722786e+01
-3.211448194016373492e+00 -4.741580640836076554e+00 5.538913063587398256e+01
-1.296263067348792930e-01 -5.566774304632757797e+00 3.133496212289452032e+01
-2.372104237270789007e+00 -5.268773405039903324e+00 2.391974598379414374e+01
-8.142541844947421836e+00 -6.465638211146696790e+00 7.179528194622712967e-01
-5.929044213277709474e+00 -6.289882147059058681e+00 2.707573232682464415e+00
-2.175933518848474080e-01 -3.154638744778710091e+00 1.122555713851263270e+01
-1.313766926423413750e+00 -1.271164731870472409e+00 9.972209275162363440e+00
-5.740123104164965184e+00 -4.237989714965140209e+00 4.031211638772433048e+00
-8.438284931817214840e-01 -4.800231386960669866e+00 1.743248538940213521e+01
-4.482610998238239830e+00 -2.522692120529227200e+00 -1.543984470560050504e+00
-6.000000000000014211e-01 -4.549999999999999822e+00 1.744539256456988241e+01
-4.599999999999999645e+00 -6.110000000000000320e+00 2.651224522157651364e+00
-8.199999999999999289e+00 -1.169999999999999929e+00 3.031601321542893857e+01
-3.000000000000000000e+00 -2.469999999999999751e+00 -4.611959317745981224e+01
-1.400000000000000355e+00 -3.250000000000000000e+00 4.014486056574097184e+00
-5.400000000000000355e+00 -1.690000000000000391e+00 4.631438788884617708e+01
-1.999999999999992895e-01 -9.100000000000001421e-01 2.381372870353268212e+01
-2.199999999999999289e+00 -1.429999999999999716e+00 -4.264096137734796343e+01
-1.799999999999998934e+00 -5.070000000000000284e+00 1.468831518801065883e+01
-9.400000000000000355e+00 -6.499999999999994671e-01 3.041236940452448323e+01
-6.600000000000000533e+00 -1.950000000000000178e+00 5.993674849846225783e+01
-7.400000000000000355e+00 -2.989999999999999769e+00 2.089074232140415077e+01
-6.200000000000000178e+00 -5.330000000000000071e+00 2.603312342583428141e+00
-3.399999999999999467e+00 -3.510000000000000231e+00 1.579222226591159028e+01
-7.000000000000000000e+00 -4.029999999999999361e+00 1.043809358555705025e+01
-3.799999999999999822e+00 -5.589999999999999858e+00 1.809812902206320118e+01
-2.599999999999999645e+00 -4.290000000000000036e+00 3.066808045663439941e+01
-7.799999999999999822e+00 -3.769999999999999574e+00 1.774352900825232027e+01
-9.800000000000000711e+00 -3.900000000000005684e-01 6.650541610035269002e+01
-5.799999999999999822e+00 -1.299999999999998934e-01 3.518996877496367404e+01
-9.000000000000000000e+00 -4.810000000000000497e+00 5.502920365015820892e+01
-1.000000000000000000e+00 -2.209999999999999964e+00 1.439698236726699143e+01
-5.000000000000000000e+00 -6.370000000000000107e+00 2.656056831470877455e+00
-8.599999999999999645e+00 -2.729999999999999538e+00 2.293833486370822783e+01
-4.199999999999999289e+00 -5.849999999999999645e+00 5.904294921781225725e+00
-3.894746868508037529e+00 -1.887355248832346177e+00 -4.762497414152930020e+01
-2.754853985626400714e+00 -3.906396536005794839e+00 2.859586147376365162e+01
-6.485150315506765573e+00 -2.726945005909913178e-01 4.323213939361951930e+01
-4.960044087128032686e-01 -3.125836398740395872e+00 9.367881028784992736e+00
-4.335829886409148237e+00 -3.715768118638200335e+00 3.457823427549373996e+00
-4.881682278362763583e+00 -4.158845967157906998e-01 2.034637273051216155e+01
-5.717419711041862307e+00 -4.133824945629827496e+00 4.232436408538213790e+00
-2.379579797044044653e+00 -1.914631659829227672e+00 -4.950113244418497516e+01
-6.680173571496084151e+00 -1.545807963908397475e+00 7.564515593576429353e+01
-8.097200127775980860e-01 -1.859346729991131042e+00 3.201756977951698957e+01
-6.022607655284154760e+00 -4.535639988611829487e+00 4.163091762853248667e+00
-1.646200395037626052e+00 -8.930266378977096409e-01 -3.692605997153476594e+00
-5.995522370023977921e+00 -6.199668974533505406e-01 3.999169258441008878e+01
-1.001973149618830661e+00 -2.474533170265901916e+00 8.802513204951315728e+00
-9.264166646061735122e+00 -2.263865305683254725e+00 -1.348479172945553017e+01
-3.187978650485224996e+00 -3.037325794212604180e-01 -1.334124789680936196e+01
-7.217750448719848499e+00 -5.279968837516251234e+00 5.358125087926817187e+00
-9.358812720255381024e+00 -2.085569482270834385e+00 -2.720201177957012106e+01
-3.439757006158413510e+00 -3.119370670719481264e+00 -3.633990177966683888e+00
-5.758557337607561166e+00 -3.587770943369910537e+00 6.347411427800705219e+00
-4.211609039904558038e+00 -4.801530229967987395e-01 5.724227526291448598e+00
-2.764824821475688310e+00 -2.442154782060615759e+00 -4.044159309862013885e+01
-4.791452209211150226e+00 -6.448172043493868522e+00 2.667449336796989812e+00
-4.683210922364945183e+00 -3.685913765606031678e+00 2.451266253163564723e+00
-6.991214661508974970e+00 -4.009709082262503443e+00 1.050136376983001085e+01
-2.599999999999999645e+00 -4.029999999999999361e+00 2.554243382982484079e+01
-8.599999999999999645e+00 -1.690000000000000391e+00 -4.899681075902286409e+00
-4.199999999999999289e+00 -6.110000000000000320e+00 4.263490994112238752e+00
-8.199999999999999289e+00 -4.549999999999999822e+00 1.891369015119126118e+01
-1.799999999999998934e+00 -2.729999999999999538e+00 -2.552218130179687350e+00
-4.599999999999999645e+00 -1.169999999999999929e+00 4.105132008996237758e+00
-6.200000000000000178e+00 -4.290000000000000036e+00 5.564492567823894120e+00
-6.600000000000000533e+00 -9.100000000000001421e-01 5.495047879356636145e+01
-6.000000000000014211e-01 -3.250000000000000000e+00 8.962281281873540451e+00
-7.799999999999999822e+00 -2.209999999999999964e+00 3.067444111738950951e+01
-3.799999999999999822e+00 -3.769999999999999574e+00 1.359463216173266886e+01
-7.000000000000000000e+00 -1.950000000000000178e+00 5.565242183878822146e+01
-9.800000000000000711e+00 -6.370000000000000107e+00 5.132776239075851343e+00
-1.000000000000000000e+00 -5.070000000000000284e+00 1.826452816284550806e+01
-3.000000000000000000e+00 -1.429999999999999716e+00 -1.014361520033764350e+02
-5.400000000000000355e+00 -3.900000000000005684e-01 2.893005387003654860e+01
-5.000000000000000000e+00 -4.810000000000000497e+00 1.982344808968264260e+00
-7.400000000000000355e+00 -6.499999999999994671e-01 5.050110798770538167e+01
-5.799999999999999822e+00 -2.469999999999999751e+00 2.276413769665872877e+01
-9.400000000000000355e+00 -5.849999999999999645e+00 3.409286600081781415e+01
-3.399999999999999467e+00 -2.989999999999999769e+00 -1.069613383433377685e+01
-2.199999999999999289e+00 -1.299999999999998934e-01 5.600145833950902485e-01
-1.999999999999992895e-01 -5.589999999999999858e+00 3.080783809702296594e+01
-1.400000000000000355e+00 -3.510000000000000231e+00 5.425311197399667051e+00
-9.000000000000000000e+00 -5.330000000000000071e+00 4.396912185836163900e+01
-9.025128136889627228e+00 -1.510970130728892080e+00 -3.348777690931222395e+01
-2.097727592280907771e+00 -2.616879553581687112e+00 -9.309889161852916928e+00
-4.677712229533415034e+00 -6.145349076523025644e+00 2.481785986980756142e+00
-1.608043812951473583e+00 -2.464295033991803052e+00 -1.629656052417272294e+00
-9.457311891945558102e+00 -6.209059589769577947e+00 1.223031240184466739e+01
-4.280533166007992385e+00 -5.965548737056819206e+00 4.503979659698567950e+00
-8.374875759026572553e+00 -1.492358788031532768e+00 1.113748212954439509e+01
-7.328582446785456561e+00 -5.003846867185831826e+00 7.134807540046747221e+00
-8.857925686445417668e+00 -2.874341928467638585e+00 2.372988307888432757e+01
-4.692912034890394324e+00 -5.085997607665282416e+00 2.767232635103028748e+00
-2.203649491500749846e+00 -3.431261357409886692e+00 4.117219027376759044e+00
-2.212162282348689502e+00 -8.369713049578093589e-01 -2.012927129466086029e+01
-9.986628873815247331e+00 -1.315652990076858764e+00 5.302541281311206944e+00
-9.100514853508791191e+00 -6.038255452274946755e+00 1.847235693858427652e+01
-4.580616537523063414e+00 -3.102880040184468946e+00 1.658016375619464577e+00
-1.143308036580425124e+00 -6.325429125012487219e-01 4.642488494174890512e+00
-8.596165339926427507e+00 -6.491866741263012663e+00 -1.910748488422973956e+00
-8.912798232301677004e+00 -7.489319384979173932e-01 2.931863411405747399e+01
-4.814715334261675750e+00 -6.390963766657566936e+00 2.592007647512371893e+00
-7.970513312642673931e+00 -5.358284461790672637e+00 9.478933173045167138e+00
-1.266339864648811542e+00 -1.337492750528411101e+00 1.311344174305695454e+01
-3.195777439808723308e+00 -2.178094687390651707e+00 -7.106752253159213240e+01
-2.477788406011606881e+00 -2.029827469039212851e+00 -5.042828499741916914e+01
-6.940216839499029788e+00 -4.148447860507617158e+00 9.487589992968505470e+00
-1.644247754697756747e+00 -3.157762951749444547e+00 2.148720372723143868e+00
-5.000000000000000000e+00 -3.900000000000005684e-01 2.252287402292650498e+01
-7.000000000000000000e+00 -4.810000000000000497e+00 6.607397656330991964e+00
-9.000000000000000000e+00 -5.849999999999999645e+00 2.483605375066895959e+01
-8.199999999999999289e+00 -5.330000000000000071e+00 1.278527276544113711e+01
-8.599999999999999645e+00 -4.290000000000000036e+00 3.316545561229514760e+01
-9.800000000000000711e+00 -5.589999999999999858e+00 4.320487428823032872e+01
-6.000000000000014211e-01 -2.989999999999999769e+00 8.660947814976239556e+00
-2.599999999999999645e+00 -6.499999999999994671e-01 -2.649406143278777392e+01
-6.200000000000000178e+00 -1.429999999999999716e+00 7.406570697337733122e+01
-7.799999999999999822e+00 -4.029999999999999361e+00 1.616893047138943373e+01
-3.000000000000000000e+00 -6.370000000000000107e+00 3.583431427021677607e+00
-1.000000000000000000e+00 -3.510000000000000231e+00 7.558648359039020548e+00
-1.999999999999992895e-01 -5.070000000000000284e+00 2.563800503149874288e+01
-4.599999999999999645e+00 -9.100000000000001421e-01 8.138584306216042563e+00
-4.199999999999999289e+00 -2.209999999999999964e+00 -1.607059422868186616e+01
-6.600000000000000533e+00 -1.690000000000000391e+00 7.354425889370699565e+01
-1.799999999999998934e+00 -3.769999999999999574e+00 6.262147520523500432e+00
-3.799999999999999822e+00 -4.549999999999999822e+00 2.416502201438449049e+01
-1.400000000000000355e+00 -1.299999999999998934e-01 1.963631306279421285e+00
-5.799999999999999822e+00 -2.729999999999999538e+00 1.530736858976138137e+01
-7.400000000000000355e+00 -3.250000000000000000e+00 1.834223338966752337e+01
-5.400000000000000355e+00 -1.169999999999999929e+00 4.223865861386536125e+01
-2.199999999999999289e+00 -1.950000000000000178e+00 -3.582740111212130785e+01
-9.400000000000000355e+00 -2.469999999999999751e+00 2.014834572296066995e-01
-3.399999999999999467e+00 -6.110000000000000320e+00 1.367349305218560929e+01
-2.039609012352876505e-01 -2.523466737028964069e+00 1.666902227396441205e+01
-8.905820079382312571e+00 -1.374212477679902733e+00 -1.936176530446194732e+01
-5.774355871499617265e+00 -2.441993611769138539e+00 2.347679620764216679e+01
-4.227074556244087233e+00 -4.005014293956019600e+00 6.084083283234438255e+00
-1.145539321746921857e+00 -3.743085033839587794e+00 8.044441831177737257e+00
-2.935974478106057717e+00 -1.738494555676457942e+00 -9.861156846661123154e+01
-9.380377723482837382e+00 -2.253836178146277902e+00 -1.477748444815200912e+01
-4.532282984770585443e+00 -4.112134319395662985e+00 3.306035716990399997e+00
-8.361874376980276580e+00 -7.555438262630094215e-01 4.327397083010654910e+01
-2.085255475027299354e+00 -1.754786014568191277e+00 -3.411852459857096420e+01
-4.310045732397529861e+00 -4.126236426683130176e+00 5.407952461524153875e+00
-9.570612059255497073e+00 -1.784613672923196503e+00 -3.986199474075529281e+01
-3.868445778950403202e+00 -3.782344230922508377e+00 1.178893800062419750e+01
-1.880739210374489545e+00 -1.361250187353164165e+00 -2.036543524661688309e+01
-5.073440208689320663e+00 -2.571559122645201700e+00 9.220513429345192691e+00
-5.390980637335715642e+00 -3.170621898678425588e+00 6.574719789255336622e+00
-2.078395918146398458e-01 -5.396668307815026822e-01 9.275290896912922634e+00
-3.432951672458833592e+00 -3.764241790285205447e+00 2.591926573324703043e+01
-1.692060713302449670e+00 -7.234170019481211966e-02 1.987595212419823065e+00
-4.758758293752176627e+00 -6.008813451780579129e+00 2.314241651146258683e+00
-1.699999999999999289e+00 -3.445000000000000284e+00 3.902811006245023417e+00
-5.300000000000000711e+00 -6.500000000000039080e-02 2.904925274129411150e+01
-3.700000000000000178e+00 -1.365000000000000213e+00 -6.691265723539152077e+01
-4.900000000000000355e+00 -7.149999999999998579e-01 1.913510809707333848e+01
-5.000000000000000000e-01 -4.550000000000000711e-01 6.524897817219323493e+00
-2.599999999999999645e+00 -2.469999999999999751e+00 -3.145305071992315504e+01
-9.400000000000000355e+00 -3.250000000000000000e+00 4.150804534575527782e+01
-8.599999999999999645e+00 -3.510000000000000231e+00 3.091635807295424243e+01
-5.000000000000000000e+00 -2.729999999999999538e+00 6.498775094913276540e+00
-6.600000000000000533e+00 -4.290000000000000036e+00 7.208074979384081260e+00
-3.799999999999999822e+00 -4.549999999999999822e+00 2.416502201438449049e+01
-7.799999999999999822e+00 -3.900000000000005684e-01 5.434017044669633378e+01
-3.000000000000000000e+00 -6.110000000000000320e+00 1.674820356827926560e+01
-1.999999999999992895e-01 -1.950000000000000178e+00 4.261085506323769323e+01
-2.199999999999999289e+00 -5.589999999999999858e+00 1.878997134265627977e+01
-9.800000000000000711e+00 -1.169999999999999929e+00 -9.988933228401464248e-01
-7.400000000000000355e+00 -1.429999999999999716e+00 5.730078661485606517e+01
-3.399999999999999467e+00 -6.499999999999994671e-01 -3.411811723266189489e+01
-6.000000000000014211e-01 -1.690000000000000391e+00 4.396732823651004196e+01
-1.000000000000000000e+00 -1.299999999999998934e-01 2.532418686876180214e+00
-5.799999999999999822e+00 -6.370000000000000107e+00 3.121541509191450459e+00
-1.400000000000000355e+00 -4.810000000000000497e+00 1.378022275788781492e+01
-6.200000000000000178e+00 -5.070000000000000284e+00 3.214185546846472619e+00
-8.199999999999999289e+00 -5.849999999999999645e+00 7.570144694027229448e+00
-4.599999999999999645e+00 -2.989999999999999769e+00 1.650015378006797206e+00
-7.000000000000000000e+00 -5.330000000000000071e+00 4.435140777405917056e+00
-1.799999999999998934e+00 -4.029999999999999361e+00 8.233129937966051415e+00
-4.199999999999999289e+00 -9.100000000000001421e-01 -8.506820387107620007e+00
-5.400000000000000355e+00 -3.769999999999999574e+00 4.080882094570934981e+00
-9.000000000000000000e+00 -2.209999999999999964e+00 -8.330370166523771047e+00
-1.732856430544424953e+00 -2.666034941739149122e+00 -2.244372355324413704e+00
-2.922193229086471611e+00 -2.828855243180159462e-01 -1.190078619641105817e+01
-4.987965597199798040e+00 -6.337101102223135385e+00 2.554845733200666213e+00
-1.897938979627056710e+00 -2.411087368757311111e+00 -8.738997988967209807e+00
-4.260313933519017660e+00 -4.022948030065423453e+00 5.677319890735301300e+00
-1.767318696018394419e+00 -1.300763028587666348e+00 -1.303856166978014031e+01
-8.996881424630128521e+00 -2.577973812207675408e+00 1.112117362920140451e+01
-9.471766674407417597e+00 -6.215077760160395925e+00 1.192457622604402800e+01
-4.689593920271000194e+00 -5.968780392506459087e+00 2.479883634457280106e+00
-2.209576317667494294e-01 -4.034963190748372952e-01 6.426192330018504428e+00
-1.005033887592691855e+00 -5.687919574368915931e-01 5.241515929807037288e+00
-4.647370913347945276e+00 -2.714148227891287846e+00 1.968162970139311962e+00
-5.798588417610039514e+00 -4.655295055469072629e+00 3.203678542478153979e+00
-8.779201906803166366e+00 -9.736263103266153962e-01 1.741916728944976001e+01
-9.712821825231658934e+00 -1.044412535517014184e+00 4.014075473632416902e+00
-3.939501795367243986e+00 -2.952458296513437830e+00 -5.251796302073393541e+00
-5.376164527946688310e+00 -2.687836576084506213e+00 1.159591567579770199e+01
-4.622695337346983457e+00 -1.975477753507680845e+00 4.312372251688092462e-01
-2.686501633119676491e+00 -3.238510362397707176e+00 1.826756994440766890e+00
-5.633888128771537218e+00 -5.624047770881984931e+00 1.564026991838771474e+00
-5.000000000000000000e-01 -1.234999999999999432e+00 3.802295170578852179e+01
-4.299999999999998934e+00 -2.535000000000000142e+00 -5.656344892904570543e+00
-1.899999999999998579e+00 -1.950000000000002842e-01 4.464559834228380986e-01
-8.699999999999999289e+00 -2.144999999999999574e+00 3.019520866804555226e+00
-3.900000000000000355e+00 -9.750000000000005329e-01 -2.821646554881804292e+01
-2.599999999999999645e+00 -1.169999999999999929e+00 -6.119157235909089820e+01
-8.599999999999999645e+00 -2.469999999999999751e+00 1.772570821484902481e+01
-7.799999999999999822e+00 -1.299999999999998934e-01 5.870493930739848309e+01
-7.400000000000000355e+00 -5.849999999999999645e+00 3.591907367013234875e+00
-1.999999999999992895e-01 -3.900000000000005684e-01 6.240700916019763511e+00
-2.199999999999999289e+00 -3.250000000000000000e+00 1.148094102822407203e+00
-6.600000000000000533e+00 -1.950000000000000178e+00 5.993674849846225783e+01
-9.400000000000000355e+00 -2.729999999999999538e+00 1.557411902327790187e+01
-1.799999999999998934e+00 -3.769999999999999574e+00 6.262147520523500432e+00
-6.200000000000000178e+00 -4.549999999999999822e+00 4.706070255860101526e+00
-7.000000000000000000e+00 -4.290000000000000036e+00 9.072908709427668583e+00
-4.199999999999999289e+00 -6.370000000000000107e+00 2.312895936936221197e+00
-5.000000000000000000e+00 -6.110000000000000320e+00 2.082717611484881104e+00
-9.800000000000000711e+00 -2.989999999999999769e+00 3.660388763894198405e+01
-3.000000000000000000e+00 -3.510000000000000231e+00 1.766199358498994343e+01
-3.799999999999999822e+00 -5.589999999999999858e+00 1.809812902206320118e+01
-5.400000000000000355e+00 -1.690000000000000391e+00 4.631438788884617708e+01
-3.399999999999999467e+00 -9.100000000000001421e-01 -5.535929948583586935e+01
-6.000000000000014211e-01 -4.029999999999999361e+00 1.343278683396523121e+01
-1.000000000000000000e+00 -1.429999999999999716e+00 2.731926131563834304e+01
-8.199999999999999289e+00 -6.499999999999994671e-01 4.890486762261487286e+01
-5.799999999999999822e+00 -4.810000000000000497e+00 2.874008649913285751e+00
-1.400000000000000355e+00 -5.070000000000000284e+00 1.550518189194332308e+01
-9.000000000000000000e+00 -2.209999999999999964e+00 -8.330370166523771047e+00
-4.599999999999999645e+00 -5.330000000000000071e+00 3.225324969473749803e+00
-2.641501714373044152e+00 -5.295172878690346252e+00 3.449366977484434216e+01
-4.301939864481365561e+00 -2.640211468274333839e-02 1.694906482113532675e+01
-1.231145683242910849e+00 -5.209078866679366371e-01 2.866972658875362789e+00
-1.557478711632104051e+00 -1.480844149188862424e+00 -1.915287767373569539e+00
-3.667327244619146498e+00 -1.939239418332467935e-01 2.233728144170079588e+00
-9.862050764789808355e+00 -1.132723314293408556e+00 7.758866431034661559e+00
-1.699999999999999289e+00 -2.405000000000000249e+00 -4.013153664349260019e+00
-4.500000000000000000e+00 -3.314999999999999947e+00 1.733622898852049232e+00
-3.099999999999999645e+00 -6.304999999999999716e+00 6.246800919968268140e+00
-4.100000000000000533e+00 -6.500000000000039080e-02 1.371871717292975212e+01
-1.099999999999999645e+00 -3.250000000000001776e-01 2.756005666960886558e+00
-4.900000000000000355e+00 -5.264999999999999680e+00 1.973631763286007423e+00
-8.900000000000000355e+00 -6.434999999999999609e+00 -2.089007148308556161e+00
-1.500000000000000000e+00 -2.794999999999999485e+00 1.297141134869769230e+00
-4.299999999999998934e+00 -5.004999999999999893e+00 6.908296139282306569e+00
-9.900000000000000355e+00 -8.449999999999997513e-01 3.657574802225364863e+01
-3.299999999999999822e+00 -1.950000000000002842e-01 -4.529197251735611829e+00
-4.500000000000000000e+00 -1.365000000000000213e+00 -4.994560027912759992e+00
-1.699999999999999289e+00 -6.500000000000039080e-02 2.040430182692859695e+00
-3.700000000000000178e+00 -6.434999999999999609e+00 -3.137573282080028392e-01
-3.700000000000000178e+00 -5.134999999999999787e+00 2.895858115699259017e+01
-2.700000000000000178e+00 -6.500000000000039080e-02 1.694366412183937243e+00
-4.900000000000000355e+00 -3.834999999999999964e+00 2.585499613322278289e+00
-3.099999999999999645e+00 -3.054999999999999716e+00 -7.956582718172066748e+00
-5.300000000000000711e+00 -4.355000000000000426e+00 2.592222529970909406e+00
-7.799999999999999822e+00 -4.549999999999999822e+00 1.303160389004112751e+01
-1.999999999999992895e-01 -1.169999999999999929e+00 3.923826431545155913e+01
-7.400000000000000355e+00 -1.299999999999998934e-01 5.424634221523595556e+01
-8.599999999999999645e+00 -2.209999999999999964e+00 9.901515061916388305e+00
-9.400000000000000355e+00 -3.900000000000005684e-01 5.373117700237121852e+01
-1.799999999999998934e+00 -2.469999999999999751e+00 -5.513938390990925420e+00
-3.799999999999999822e+00 -5.589999999999999858e+00 1.809812902206320118e+01
-3.000000000000000000e+00 -3.250000000000000000e+00 3.545552859622859376e+00
-6.600000000000000533e+00 -2.729999999999999538e+00 2.132316287342337802e+01
-9.800000000000000711e+00 -4.029999999999999361e+00 6.454892033108917815e+01
-6.200000000000000178e+00 -1.690000000000000391e+00 7.223648538781041850e+01
-3.399999999999999467e+00 -5.330000000000000071e+00 4.174367057706849948e+01
-5.000000000000000000e+00 -5.070000000000000284e+00 1.854543232312374501e+00
-5.799999999999999822e+00 -1.429999999999999716e+00 6.456970277297440930e+01
-1.400000000000000355e+00 -3.510000000000000231e+00 5.425311197399667051e+00
-8.199999999999999289e+00 -4.290000000000000036e+00 2.042762172326276016e+01
-7.000000000000000000e+00 -4.810000000000000497e+00 6.607397656330991964e+00
-4.599999999999999645e+00 -5.849999999999999645e+00 2.851483054586446020e+00
-6.000000000000014211e-01 -6.110000000000000320e+00 3.217512288110766860e+01
-9.000000000000000000e+00 -6.370000000000000107e+00 6.049332670987510596e-01
-5.400000000000000355e+00 -3.769999999999999574e+00 4.080882094570934981e+00
-1.000000000000000000e+00 -1.950000000000000178e+00 2.206994705674267720e+01
-2.599999999999999645e+00 -2.989999999999999769e+00 -7.818752598425537492e+00
-4.199999999999999289e+00 -9.100000000000001421e-01 -8.506820387107620007e+00
-2.199999999999999289e+00 -6.499999999999994671e-01 -1.288460053469865940e+01
-1.290721480925839160e+00 -4.371361237099007369e-01 2.110154223824053155e+00
-4.351071876456527043e+00 -2.830540116382834537e+00 -1.546036088568945477e+00
-1.177263598380719145e+00 -2.184965318434457515e-01 2.287575118051988099e+00
-8.585649259601206396e+00 -1.456592197844293501e+00 -7.731215714435535347e-01
-3.589433895258399509e+00 -3.417483513972150888e+00 8.621927505918087320e+00
-8.943440237165630080e+00 -6.403591098464863407e+00 -8.743121788855239274e-01
-8.837695495600426554e+00 -6.307506371017025160e+00 3.325614532947671620e+00
-1.193307101624716537e+00 -2.656484303819833137e+00 4.610584602804005172e+00
-1.183976299428223911e+00 -1.301423431887345217e+00 1.644654998435408544e+01
-9.686983100538329339e+00 -2.250113838425971124e+00 -4.580193000554011462e+00
-9.405055461595647870e+00 -4.862894693914515898e+00 7.357025480942725437e+01
-9.300000000000000711e+00 -2.274999999999999467e+00 -1.312625840687213952e+01
-6.999999999999992895e-01 -7.149999999999998579e-01 1.116510038968458041e+01
-3.900000000000000355e+00 -2.924999999999999822e+00 -6.451671213491134260e+00
-5.099999999999999645e+00 -4.615000000000000213e+00 2.078660502694457790e+00
-6.699999999999999289e+00 -6.434999999999999609e+00 3.359113664988220727e+00
-9.900000000000000355e+00 -2.665000000000000036e+00 2.860021546808042459e+01
-8.900000000000000355e+00 -5.525000000000000355e+00 3.275255791672068995e+01
-4.100000000000000533e+00 -5.915000000000000036e+00 6.726569014666120339e+00
-1.500000000000000000e+00 -3.185000000000000053e+00 3.118765662486615575e+00
-4.500000000000000000e+00 -1.884999999999999787e+00 -6.766595089911955796e+00
-3.299999999999999822e+00 -1.950000000000002842e-01 -4.529197251735611829e+00
-1.699999999999999289e+00 -6.434999999999999609e+00 2.139449472738892055e+01
-4.500000000000000000e+00 -1.104999999999999538e+00 5.408220679873743109e-02
-4.299999999999998934e+00 -3.185000000000000053e+00 5.511804004050815387e-01
-7.400000000000000355e+00 -5.070000000000000284e+00 7.153071030496127136e+00
-2.199999999999999289e+00 -1.429999999999999716e+00 -4.264096137734796343e+01
-1.999999999999992895e-01 -4.549999999999999822e+00 2.088997227667943335e+01
-9.800000000000000711e+00 -4.029999999999999361e+00 6.454892033108917815e+01
-2.599999999999999645e+00 -3.510000000000000231e+00 1.085963545318540646e+01
-1.799999999999998934e+00 -1.299999999999998934e-01 1.390447510783848761e+00
-3.000000000000000000e+00 -2.729999999999999538e+00 -2.794479492021257627e+01
-6.000000000000014211e-01 -5.589999999999999858e+00 2.649910887468002230e+01
-5.400000000000000355e+00 -1.690000000000000391e+00 4.631438788884617708e+01
-5.000000000000000000e+00 -9.100000000000001421e-01 2.238435172778486049e+01
-9.400000000000000355e+00 -6.110000000000000320e+00 1.823768958464199841e+01
-9.000000000000000000e+00 -3.769999999999999574e+00 4.894546334128990850e+01
-1.000000000000000000e+00 -1.169999999999999929e+00 2.051229996789010102e+01
-4.599999999999999645e+00 -4.810000000000000497e+00 3.360406722978366734e+00
-8.199999999999999289e+00 -5.849999999999999645e+00 7.570144694027229448e+00
-6.200000000000000178e+00 -4.290000000000000036e+00 5.564492567823894120e+00
-7.799999999999999822e+00 -3.250000000000000000e+00 2.108680876416783789e+01
-8.599999999999999645e+00 -2.469999999999999751e+00 1.772570821484902481e+01
-1.400000000000000355e+00 -1.950000000000000178e+00 5.472158876563923968e+00
-3.799999999999999822e+00 -2.989999999999999769e+00 -6.052019809467951816e+00
-4.199999999999999289e+00 -6.370000000000000107e+00 2.312895936936221197e+00
-7.000000000000000000e+00 -6.499999999999994671e-01 4.959534221186402903e+01
-6.600000000000000533e+00 -3.900000000000005684e-01 4.456745850689140553e+01
-3.399999999999999467e+00 -5.330000000000000071e+00 4.174367057706849948e+01
-5.799999999999999822e+00 -2.209999999999999964e+00 3.489595285941264535e+01
-1.846975724418676634e+00 -5.279197935338206804e-01 -3.421147773797584168e+00
-2.211985162291120410e+00 -2.377730964949629211e+00 -1.933206845920069838e+01
-1.695360251018328768e+00 -5.551092473918872727e-01 -1.844453781376167001e+00
-2.305999939134770749e+00 -6.825924805923015981e-01 -1.723333256790182588e+01
-5.238495127327529310e+00 -5.517943548554539390e+00 1.517525525677121845e+00
-1.797217395682084273e+00 -3.259413843368925701e+00 2.175413215263147126e+00
-4.975859885898346491e+00 -5.466547838180706442e+00 1.780519062846624534e+00
-6.353979372868746367e+00 -4.994651916529397440e+00 3.807263184837851977e+00
-2.700000000000000178e+00 -2.924999999999999822e+00 -1.197315857199322764e+01
-3.500000000000000000e+00 -6.500000000000039080e-02 6.126736237596031920e+00
-4.900000000000000355e+00 -3.834999999999999964e+00 2.585499613322278289e+00
-4.699999999999999289e+00 -9.750000000000005329e-01 1.121913036717834622e+01
-4.500000000000000000e+00 -2.144999999999999574e+00 -4.308641259998440276e+00
-7.299999999999999822e+00 -5.785000000000000142e+00 3.584365178712991096e+00
-2.299999999999999822e+00 -3.054999999999999716e+00 -2.988400084510990595e+00
-5.000000000000000000e-01 -5.849999999999999645e-01 9.211044704818869278e+00
-3.700000000000000178e+00 -3.314999999999999947e+00 3.716923016141360669e+00
-1.300000000000000711e+00 -3.250000000000001776e-01 1.929481992743854679e+00
-1.699999999999999289e+00 -1.234999999999999432e+00 -8.804032425422127162e+00
-8.699999999999999289e+00 -1.495000000000000107e+00 -9.715129763167084320e+00
-3.900000000000000355e+00 -3.574999999999999734e+00 7.347990654411876932e+00
-1.500000000000000000e+00 -2.405000000000000249e+00 3.831408654205811226e-01
-2.299999999999999822e+00 -1.104999999999999538e+00 -3.694952945638686259e+01
-3.500000000000000000e+00 -2.794999999999999485e+00 -1.958097261709404435e+01
-3.700000000000000178e+00 -3.445000000000000284e+00 7.770365690828372252e+00
-7.000000000000000000e+00 -9.100000000000001421e-01 5.478745875170706370e+01
-8.599999999999999645e+00 -2.209999999999999964e+00 9.901515061916388305e+00
-2.199999999999999289e+00 -1.429999999999999716e+00 -4.264096137734796343e+01
-7.400000000000000355e+00 -4.290000000000000036e+00 1.136416451294610219e+01
-1.799999999999998934e+00 -1.950000000000000178e+00 -1.354963127787747190e+01
-6.200000000000000178e+00 -1.299999999999998934e-01 4.028542069473911624e+01
-4.599999999999999645e+00 -3.250000000000000000e+00 1.946783457170748743e+00
-6.600000000000000533e+00 -5.589999999999999858e+00 2.743181830995347958e+00
-9.000000000000000000e+00 -5.849999999999999645e+00 2.483605375066895959e+01
-3.000000000000000000e+00 -4.029999999999999361e+00 4.073332275653865509e+01
-7.799999999999999822e+00 -3.510000000000000231e+00 1.936671452899598123e+01
-1.000000000000000000e+00 -1.690000000000000391e+00 2.792492404517044946e+01
-6.000000000000014211e-01 -3.900000000000005684e-01 5.197457316158729412e+00
-1.999999999999992895e-01 -6.110000000000000320e+00 3.704482036086543673e+01
-9.800000000000000711e+00 -2.989999999999999769e+00 3.660388763894198405e+01
-3.399999999999999467e+00 -2.729999999999999538e+00 -2.556366529318771441e+01
-8.199999999999999289e+00 -4.810000000000000497e+00 1.713379644569043947e+01
-5.400000000000000355e+00 -1.169999999999999929e+00 4.223865861386536125e+01
-5.799999999999999822e+00 -2.469999999999999751e+00 2.276413769665872877e+01
-9.400000000000000355e+00 -5.070000000000000284e+00 6.882648271249553318e+01
-1.400000000000000355e+00 -3.769999999999999574e+00 6.989130215474706809e+00
-4.199999999999999289e+00 -5.330000000000000071e+00 8.282614866536787801e+00
-2.599999999999999645e+00 -6.370000000000000107e+00 8.695767153382725212e+00
-3.799999999999999822e+00 -4.549999999999999822e+00 2.416502201438449049e+01
-5.000000000000000000e+00 -6.499999999999994671e-01 2.164242900048653340e+01
-3.921217347700033606e+00 -6.458451293363725476e+00 3.536803519393512119e-01
-4.099100843790469462e+00 -5.085534616534888031e+00 1.154087038668907716e+01
-4.269210098383695140e+00 -4.696039716557184107e+00 7.454554210375324175e+00
-9.487072155436479193e+00 -6.487031144043761799e+00 -6.204305497475738562e+00
-3.737690706081541414e+00 -4.411275031677286407e-01 -7.519758294495996864e+00
-3.160972656702728756e+00 -4.150046413526258249e-01 -2.161862141525212522e+01
-2.508803411400752026e+00 -6.702965984939917021e-01 -2.402026456277764055e+01
-4.123302644261679362e+00 -4.453315067570642327e-01 4.380527221846856278e+00
-1.861321132693644742e+00 -9.904596922481001542e-02 1.629894069258953193e+00
-1.179675857019621077e+00 -2.333847939994850407e+00 7.686690225885843830e+00
-8.186957594611206090e+00 -6.241382948007161424e+00 3.209620764987469954e+00
-2.353082094983481198e+00 -3.426993813582819293e+00 5.123292735120280383e+00
-1.481492527303506890e+00 -6.109090222380668678e-01 5.039905238265707244e-01
-7.900522276896655427e-01 -3.491852230238831734e+00 8.757846932392482131e+00
-4.786625164332240168e+00 -4.468442423677160491e+00 2.462173961088379492e+00
-4.555075973293428504e+00 -1.104005779723340908e+00 2.866745736809898304e+00
-4.527956505878321103e+00 -3.331826397648979032e+00 1.843871595154257248e+00
-1.441098726501632399e+00 -3.428902586283093967e+00 4.772265784836813296e+00
-1.500000000000000000e+00 -8.449999999999997513e-01 1.569320247309845540e-01
-4.500000000000000000e+00 -1.495000000000000107e+00 -6.667257612900527874e+00
-4.299999999999998934e+00 -5.849999999999999645e-01 5.412734404254379683e+00
-5.300000000000000711e+00 -5.655000000000000249e+00 1.499908015945674133e+00
-2.099999999999999645e+00 -3.574999999999999734e+00 5.511831652162443973e+00
-7.099999999999999645e+00 -6.044999999999999929e+00 2.600918198625404631e+00
-4.100000000000000533e+00 -3.445000000000000284e+00 3.057103322430368308e+00
-9.400000000000000355e+00 -3.250000000000000000e+00 4.150804534575527782e+01
-6.600000000000000533e+00 -2.729999999999999538e+00 2.132316287342337802e+01
-6.200000000000000178e+00 -4.029999999999999361e+00 6.532765840775018873e+00
-4.599999999999999645e+00 -4.810000000000000497e+00 3.360406722978366734e+00
-8.199999999999999289e+00 -3.769999999999999574e+00 2.275566040613061247e+01
-9.000000000000000000e+00 -5.070000000000000284e+00 5.065799339744850016e+01
-6.000000000000014211e-01 -5.330000000000000071e+00 2.406740752259806726e+01
-2.599999999999999645e+00 -2.469999999999999751e+00 -3.145305071992315504e+01
-5.400000000000000355e+00 -4.549999999999999822e+00 2.485031705447596551e+00
-1.799999999999998934e+00 -5.849999999999999645e+00 1.797697348016630059e+01
-4.199999999999999289e+00 -3.510000000000000231e+00 3.056531949509033730e+00
-9.800000000000000711e+00 -4.290000000000000036e+00 6.730738595244777400e+01
-3.000000000000000000e+00 -5.589999999999999858e+00 3.910238828137206468e+01
-5.000000000000000000e+00 -3.900000000000005684e-01 2.252287402292650498e+01
-3.799999999999999822e+00 -2.209999999999999964e+00 -3.769480477217114611e+01
-7.799999999999999822e+00 -6.499999999999994671e-01 5.035106199721207076e+01
-1.400000000000000355e+00 -2.989999999999999769e+00 2.866677575216998175e+00
-1.000000000000000000e+00 -1.429999999999999716e+00 2.731926131563834304e+01
-5.799999999999999822e+00 -1.169999999999999929e+00 5.593907529088745889e+01
-1.999999999999992895e-01 -6.110000000000000320e+00 3.704482036086543673e+01
-8.599999999999999645e+00 -1.950000000000000178e+00 6.352645092944655403e-01
-3.399999999999999467e+00 -6.370000000000000107e+00 1.521855405029056030e+00
-2.199999999999999289e+00 -9.100000000000001421e-01 -2.265211820236122975e+01
-7.000000000000000000e+00 -1.299999999999998934e-01 4.976006041793284140e+01
-7.400000000000000355e+00 -1.690000000000000391e+00 5.451819685850611563e+01
-1.686781915460247916e+00 -3.346937828403424131e+00 3.246048287633913176e+00
-3.157917293986415075e+00 -6.315259998794936713e+00 5.317890952873202792e+00
-8.266384223110666341e+00 -2.058390283433564782e+00 1.833513460243355553e+01
-1.405015833866357866e+00 -5.753037547244677086e-01 1.386413029953259546e+00
-5.337830966194708537e+00 -4.733088048159018513e+00 2.138411444583662835e+00
-4.468500869235456641e+00 -1.199439092901640969e+00 -3.749980812070790037e+00
-5.061594889552423204e+00 -5.424339166982618643e+00 1.661594367346169721e+00
-4.500000000000000000e+00 -3.445000000000000284e+00 2.062631550111106105e+00
-3.099999999999999645e+00 -1.950000000000002842e-01 -6.258330673269517419e+00
-8.699999999999999289e+00 -2.014999999999999680e+00 -2.512637568768752772e+00
-4.299999999999998934e+00 -1.104999999999999538e+00 -1.060232532888804258e+01
-5.000000000000000000e-01 -7.149999999999998579e-01 1.298635362717034170e+01
-9.699999999999999289e+00 -1.234999999999999432e+00 -1.490595868391197598e+01
-1.300000000000000711e+00 -5.849999999999999645e-01 2.543208751472947338e+00
-4.699999999999999289e+00 -4.875000000000000000e+00 2.768371798564916109e+00
-2.700000000000000178e+00 -3.314999999999999947e+00 5.062985003948851315e+00
-1.099999999999999645e+00 -6.500000000000039080e-02 2.393657907269415741e+00
-5.000000000000000000e-01 -4.550000000000000711e-01 6.524897817219323493e+00
-9.900000000000000355e+00 -1.495000000000000107e+00 -1.273094327595234176e+01
-3.900000000000000355e+00 -6.434999999999999609e+00 7.202295344482285699e-01
-9.099999999999999645e+00 -1.234999999999999432e+00 -2.159134799218472267e+01
-4.500000000000000000e+00 -1.365000000000000213e+00 -4.994560027912759992e+00
-4.900000000000000355e+00 -2.924999999999999822e+00 4.300158171152858699e+00
-4.299999999999998934e+00 -3.834999999999999964e+00 4.307473900816010115e+00
-3.900000000000000355e+00 -9.750000000000005329e-01 -2.821646554881804292e+01
-1.000000000000000000e+00 -4.290000000000000036e+00 1.249533325216836666e+01
-5.000000000000000000e+00 -1.429999999999999716e+00 2.597874467392526299e+01
-9.800000000000000711e+00 -9.100000000000001421e-01 2.336095133923029721e+01
-1.999999999999992895e-01 -2.729999999999999538e+00 1.295983842757491544e+01
-2.199999999999999289e+00 -3.900000000000005684e-01 -5.418959935796724636e+00
-8.599999999999999645e+00 -5.330000000000000071e+00 2.364223418009052224e+01
-6.000000000000014211e-01 -3.510000000000000231e+00 1.008231218163884790e+01
-1.799999999999998934e+00 -6.499999999999994671e-01 -4.394457969355453741e+00
-7.799999999999999822e+00 -1.690000000000000391e+00 3.776569692647130694e+01
-7.000000000000000000e+00 -1.299999999999998934e-01 4.976006041793284140e+01
-1.400000000000000355e+00 -3.250000000000000000e+00 4.014486056574097184e+00
-5.799999999999999822e+00 -4.029999999999999361e+00 4.850262683813561182e+00
-3.799999999999999822e+00 -2.209999999999999964e+00 -3.769480477217114611e+01
-4.199999999999999289e+00 -3.769999999999999574e+00 5.021217283029305811e+00
-3.000000000000000000e+00 -2.989999999999999769e+00 -1.164608181789915520e+01
-6.600000000000000533e+00 -5.070000000000000284e+00 4.234002099844691003e+00
-8.199999999999999289e+00 -1.950000000000000178e+00 1.947252994410027327e+01
-4.599999999999999645e+00 -6.370000000000000107e+00 2.468885458030172675e+00
-9.000000000000000000e+00 -1.169999999999999929e+00 -1.066238122169388447e+01
-5.400000000000000355e+00 -5.589999999999999858e+00 1.489358249721032701e+00
-2.599999999999999645e+00 -5.849999999999999645e+00 2.255939912280508963e+01
-9.400000000000000355e+00 -4.549999999999999822e+00 7.633637323041645573e+01
-6.200000000000000178e+00 -2.469999999999999751e+00 2.713917131784240411e+01
-7.400000000000000355e+00 -6.110000000000000320e+00 2.770302102037484282e+00
-3.399999999999999467e+00 -4.810000000000000497e+00 4.865417472898948148e+01
-8.644936307990779056e+00 -6.454938192882455184e+00 -1.198003823336951434e+00
-7.040896588424735647e+00 -6.166302678247461699e+00 2.475820427207986452e+00
-1.820604398546834091e+00 -3.066229451885320145e+00 4.092118592490852080e-01
-5.080100046040106676e+00 -4.057469703615931067e+00 2.616346235553901778e+00
-8.895619848233243587e+00 -6.271022916081472331e+00 4.989539256431488212e+00
-6.626720481314394284e+00 -5.462077615775597472e+00 3.102535764349375391e+00
-5.864663572736335873e+00 -5.865329104107058100e+00 1.709413784268660752e+00
-5.577514003117744146e+00 -5.901160139791031156e+00 1.627477103242543466e+00
-1.474529484008602509e+00 -2.396393348108755816e+00 9.210279614117548030e-01
-4.748769253737325613e+00 -3.274455227678060965e+00 2.586077346024308721e+00
-5.700000000000000178e+00 -6.434999999999999609e+00 3.526202431998338049e+00
-5.000000000000000000e-01 -1.950000000000002842e-01 3.545482937454484951e+00
-5.500000000000000000e+00 -5.264999999999999680e+00 1.706321654806687294e+00
-4.900000000000000355e+00 -3.964999999999999858e+00 2.496076766265441726e+00
-2.500000000000000000e+00 -3.574999999999999734e+00 1.080159631648372454e+01
-1.699999999999999289e+00 -6.500000000000039080e-02 2.040430182692859695e+00
-6.099999999999999645e+00 -5.655000000000000249e+00 1.951351362418167756e+00
-1.300000000000000711e+00 -2.535000000000000142e+00 3.697447788692301618e+00
-5.300000000000000711e+00 -3.054999999999999716e+00 6.739493191388059579e+00
-5.700000000000000178e+00 -5.264999999999999680e+00 1.917367521896304217e+00
-9.000000000000003553e-01 -7.149999999999998579e-01 8.914845455511352768e+00
-5.099999999999999645e+00 -3.445000000000000284e+00 3.796987549149329233e+00
-1.500000000000000000e+00 -3.250000000000001776e-01 1.026625355997879518e+00
-3.900000000000000355e+00 -2.924999999999999822e+00 -6.451671213491134260e+00
-3.500000000000000000e+00 -6.434999999999999609e+00 -1.339766685028843440e+00
-3.399999999999999467e+00 -4.549999999999999822e+00 4.758659224424332734e+01
-1.400000000000000355e+00 -1.299999999999998934e-01 1.963631306279421285e+00
-5.000000000000000000e+00 -1.690000000000000391e+00 2.435217900760235210e+01
-7.799999999999999822e+00 -1.429999999999999716e+00 4.098559921552243424e+01
-7.400000000000000355e+00 -2.469999999999999751e+00 2.954638488585587908e+01
-4.199999999999999289e+00 -6.370000000000000107e+00 2.312895936936221197e+00
-6.200000000000000178e+00 -1.950000000000000178e+00 5.829166779131819709e+01
-5.799999999999999822e+00 -4.029999999999999361e+00 4.850262683813561182e+00
-9.000000000000000000e+00 -3.769999999999999574e+00 4.894546334128990850e+01
-8.599999999999999645e+00 -2.729999999999999538e+00 2.293833486370822783e+01
-1.000000000000000000e+00 -5.070000000000000284e+00 1.826452816284550806e+01
-8.199999999999999289e+00 -1.169999999999999929e+00 3.031601321542893857e+01
-2.199999999999999289e+00 -6.110000000000000320e+00 1.626944938808406249e+01
-4.599999999999999645e+00 -3.900000000000005684e-01 1.566086585929488706e+01
-9.800000000000000711e+00 -2.989999999999999769e+00 3.660388763894198405e+01
-9.400000000000000355e+00 -3.510000000000000231e+00 5.282490957002526244e+01
-6.600000000000000533e+00 -4.810000000000000497e+00 5.152062009643314511e+00
-3.000000000000000000e+00 -2.209999999999999964e+00 -6.699300353300790789e+01
-3.799999999999999822e+00 -5.330000000000000071e+00 2.167485119681180095e+01
-2.599999999999999645e+00 -9.100000000000001421e-01 -4.303533014312634464e+01
-6.000000000000014211e-01 -3.250000000000000000e+00 8.962281281873540451e+00
-1.799999999999998934e+00 -5.589999999999999858e+00 1.698633435293299243e+01
-7.000000000000000000e+00 -5.849999999999999645e+00 2.824148192229035459e+00
-5.400000000000000355e+00 -4.290000000000000036e+00 2.914042765823133152e+00
-1.999999999999992895e-01 -6.499999999999994671e-01 1.248754753389553684e+01
-5.280181871783694803e+00 -3.428867548757667194e+00 4.676973839195092353e+00
-1.412898903459003819e+00 -9.188955847508832875e-01 2.569255740440530289e+00
-4.817413301763886935e+00 -5.829573179839625752e+00 2.144761127391134892e+00
-4.774312241104534671e+00 -5.023321574961194358e+00 2.419468410471357078e+00
-2.195705991061482898e+00 -3.083475050635630321e+00 -1.720438422443325788e+00
-1.648942958333698527e+00 -3.152355745424380018e-01 3.532432855166831587e-01
-4.900000000000000355e+00 -2.924999999999999822e+00 4.300158171152858699e+00
-5.300000000000000711e+00 -3.445000000000000284e+00 4.711901507699583824e+00
-5.099999999999999645e+00 -4.745000000000000107e+00 1.975646425370478632e+00
-4.100000000000000533e+00 -3.054999999999999716e+00 -1.812313247919586257e+00
-4.500000000000000000e+00 -4.355000000000000426e+00 3.867650062706055270e+00
-4.699999999999999289e+00 -2.014999999999999680e+00 4.229650254043297863e+00
-9.300000000000000711e+00 -2.794999999999999485e+00 1.836374088677114003e+01
-5.099999999999999645e+00 -5.915000000000000036e+00 1.763557040151025213e+00
-5.300000000000000711e+00 -4.095000000000000639e+00 3.020129938463552932e+00
-4.900000000000000355e+00 -3.964999999999999858e+00 2.496076766265441726e+00
-1.699999999999999289e+00 -4.550000000000000711e-01 -1.044729969636714273e+00
-2.700000000000000178e+00 -6.304999999999999716e+00 9.608768541865382318e+00
-2.299999999999999822e+00 -3.054999999999999716e+00 -2.988400084510990595e+00
-2.900000000000000355e+00 -6.500000000000039080e-02 1.858939621679438048e+00
-3.500000000000000000e+00 -6.174999999999999822e+00 9.670990811960884059e+00
-5.099999999999999645e+00 -4.745000000000000107e+00 1.975646425370478632e+00
-4.900000000000000355e+00 -3.964999999999999858e+00 2.496076766265441726e+00
-4.699999999999999289e+00 -2.665000000000000036e+00 2.758684815120923339e+00
-3.299999999999999822e+00 -1.950000000000002842e-01 -4.529197251735611829e+00
-8.199999999999999289e+00 -1.299999999999998934e-01 6.313083077049432035e+01
-5.400000000000000355e+00 -4.810000000000000497e+00 2.120130825987220025e+00
-2.599999999999999645e+00 -6.370000000000000107e+00 8.695767153382725212e+00
-9.800000000000000711e+00 -3.769999999999999574e+00 5.967508178637257998e+01
-1.000000000000000000e+00 -3.510000000000000231e+00 7.558648359039020548e+00
-6.600000000000000533e+00 -3.900000000000005684e-01 4.456745850689140553e+01
-5.000000000000000000e+00 -4.290000000000000036e+00 2.313670910599745945e+00
-1.999999999999992895e-01 -4.549999999999999822e+00 2.088997227667943335e+01
-3.399999999999999467e+00 -1.429999999999999716e+00 -9.424804944230709225e+01
-5.799999999999999822e+00 -4.029999999999999361e+00 4.850262683813561182e+00
-3.799999999999999822e+00 -2.209999999999999964e+00 -3.769480477217114611e+01
-6.200000000000000178e+00 -5.330000000000000071e+00 2.603312342583428141e+00
-1.400000000000000355e+00 -1.950000000000000178e+00 5.472158876563923968e+00
-9.000000000000000000e+00 -6.499999999999994671e-01 3.439798589008514540e+01
-9.400000000000000355e+00 -2.989999999999999769e+00 2.909280960016788242e+01
-7.400000000000000355e+00 -5.849999999999999645e+00 3.591907367013234875e+00
-4.599999999999999645e+00 -5.589999999999999858e+00 3.053568771943019122e+00
-7.799999999999999822e+00 -1.690000000000000391e+00 3.776569692647130694e+01
-3.000000000000000000e+00 -3.250000000000000000e+00 3.545552859622859376e+00
-4.199999999999999289e+00 -2.469999999999999751e+00 -9.554180174829273398e+00
-7.000000000000000000e+00 -5.070000000000000284e+00 5.477047172501856132e+00
-8.599999999999999645e+00 -2.729999999999999538e+00 2.293833486370822783e+01
-1.799999999999998934e+00 -1.169999999999999929e+00 -1.284630583294923767e+01
-6.000000000000014211e-01 -6.110000000000000320e+00 3.217512288110766860e+01
-2.199999999999999289e+00 -9.100000000000001421e-01 -2.265211820236122975e+01
-1.424354027090423358e+00 -4.244674717037710820e-01 1.216633285525702934e+00
-8.662007909227977365e+00 -6.468922066357054135e+00 -1.726178344029288603e+00
-8.382999173118099279e+00 -1.785208054302533043e+00 8.972555969310988644e+00
-4.510781399724396401e+00 -2.500049597203263030e+00 -1.061614890833158853e+00
-1.964373141680347601e+00 -2.935368988983846350e-01 -1.191939206942105756e+00
-8.533771426046554254e+00 -1.986253748111900030e+00 5.288342406382930960e+00
-9.991831744654012581e+00 -6.438188026087601656e+00 4.812066767290282598e+00
-2.081169052974115807e+00 -2.509146233786001545e-01 -1.246891512761681753e+00
-3.881804062999774985e+00 -3.550629227063542892e+00 7.212922513370332744e+00
-9.099999999999999645e+00 -6.304999999999999716e+00 4.150830708921540158e+00
-5.099999999999999645e+00 -5.915000000000000036e+00 1.763557040151025213e+00
-8.099999999999999645e+00 -1.495000000000000107e+00 2.579962488067054949e+01
-5.300000000000000711e+00 -5.525000000000000355e+00 1.500481754880422569e+00
-2.700000000000000178e+00 -3.054999999999999716e+00 -6.064383016583591690e+00
-5.500000000000000000e+00 -6.044999999999999929e+00 1.824379396820262622e+00
-1.300000000000000711e+00 -9.750000000000005329e-01 6.242478051670706130e+00
-1.899999999999998579e+00 -1.950000000000002842e-01 4.464559834228380986e-01
-4.699999999999999289e+00 -1.754999999999999893e+00 5.300948696287338890e+00
-5.500000000000000000e+00 -5.915000000000000036e+00 1.631544068099763933e+00
-4.299999999999998934e+00 -3.185000000000000053e+00 5.511804004050815387e-01
-4.699999999999999289e+00 -6.174999999999999822e+00 2.449085686501486059e+00
-2.299999999999999822e+00 -3.314999999999999947e+00 2.480279152103446183e+00
-9.900000000000000355e+00 -5.785000000000000142e+00 3.272005684452102514e+01
-4.100000000000000533e+00 -3.705000000000000071e+00 5.819751521764593427e+00
-3.500000000000000000e+00 -6.500000000000039080e-02 6.126736237596031920e+00
-8.599999999999999645e+00 -9.100000000000001421e-01 2.922638758384753999e+01
-9.400000000000000355e+00 -1.690000000000000391e+00 -4.775661728504761783e+01
-6.200000000000000178e+00 -5.589999999999999858e+00 2.146360729740612872e+00
-4.199999999999999289e+00 -2.989999999999999769e+00 -1.771683418777117769e+00
-2.599999999999999645e+00 -1.169999999999999929e+00 -6.119157235909089820e+01
-7.799999999999999822e+00 -4.290000000000000036e+00 1.460671941390068085e+01
-8.199999999999999289e+00 -2.469999999999999751e+00 2.438052150151101927e+01
-3.399999999999999467e+00 -3.510000000000000231e+00 1.579222226591159028e+01
-4.599999999999999645e+00 -2.729999999999999538e+00 1.322354308729542627e+00
-5.000000000000000000e+00 -2.209999999999999964e+00 1.375373283909186739e+01
-1.799999999999998934e+00 -4.549999999999999822e+00 1.178471319559724151e+01
-1.400000000000000355e+00 -6.499999999999994671e-01 1.592709869157257652e+00
-1.999999999999992895e-01 -5.330000000000000071e+00 2.814657910813987129e+01
-7.400000000000000355e+00 -4.029999999999999361e+00 1.288165767708433940e+01
-9.000000000000000000e+00 -1.299999999999998934e-01 7.041302589334021889e+01
-9.800000000000000711e+00 -5.070000000000000284e+00 6.034641671422063780e+01
-5.400000000000000355e+00 -3.900000000000005684e-01 2.893005387003654860e+01
-6.000000000000014211e-01 -6.110000000000000320e+00 3.217512288110766860e+01
-5.799999999999999822e+00 -3.250000000000000000e+00 8.573672761983768709e+00
-3.000000000000000000e+00 -1.429999999999999716e+00 -1.014361520033764350e+02
-3.799999999999999822e+00 -4.810000000000000497e+00 2.483027950380154536e+01
-6.600000000000000533e+00 -3.769999999999999574e+00 9.724374527667979606e+00
-7.000000000000000000e+00 -1.950000000000000178e+00 5.565242183878822146e+01
-2.199999999999999289e+00 -5.849999999999999645e+00 1.773294221063339648e+01
-1.000000000000000000e+00 -6.370000000000000107e+00 3.048977217449117916e+01
-4.987121736712937015e+00 -3.630866812317472991e+00 2.997994785282431351e+00
-2.656650842958780956e+00 -3.194864501036387416e+00 -2.080340076505760027e-02
-9.444386256697185900e-01 -3.674892404490295306e-01 3.625762655257100509e+00
-5.390303154582289480e+00 -4.368256349399494809e+00 2.755660885822162953e+00
-4.471637041454224359e+00 -2.507902702279910745e+00 -1.896185954998668155e+00
-3.103355632644309914e+00 -1.689631745178532540e-01 -4.455077463190987075e+00
-4.523027243748238391e+00 -4.132405443162824099e+00 3.391902796872972026e+00
-1.381600036565345135e+00 -1.056463223311069122e+00 4.645709596879171066e+00
-4.476271849658298052e+00 -1.608705445812503854e+00 -9.093271967712968973e+00
-4.406673846750610579e-01 -1.008431415160710998e-01 3.051492997856377176e+00
-4.598420900195049121e+00 -4.168802359567131965e+00 3.027092684286214030e+00
-4.699999999999999289e+00 -6.304999999999999716e+00 2.480040118022269979e+00
-9.699999999999999289e+00 -1.495000000000000107e+00 -3.152095484018677496e+01
-9.900000000000000355e+00 -1.754999999999999893e+00 -1.392592232097537419e+01
-1.300000000000000711e+00 -1.104999999999999538e+00 8.156326617456759465e+00
-8.699999999999999289e+00 -1.234999999999999432e+00 2.841508457552265554e+00
-1.699999999999999289e+00 -1.950000000000002842e-01 1.036325497142765562e+00
-4.500000000000000000e+00 -1.754999999999999893e+00 -7.482760680685739629e+00
-4.699999999999999289e+00 -6.434999999999999609e+00 2.542131490940447325e+00
-8.900000000000000355e+00 -2.274999999999999467e+00 -1.530459008516444896e-01
-4.699999999999999289e+00 -2.405000000000000249e+00 3.192201517089231722e+00
-1.500000000000000000e+00 -5.849999999999999645e-01 3.147275935005621195e-01
-1.300000000000000711e+00 -9.750000000000005329e-01 6.242478051670706130e+00
-2.500000000000000000e+00 -3.185000000000000053e+00 -4.186661481726127731e-01
-4.500000000000000000e+00 -4.095000000000000639e+00 3.478192894863375795e+00
-9.800000000000000711e+00 -4.810000000000000497e+00 6.530731691139740747e+01
-6.200000000000000178e+00 -5.330000000000000071e+00 2.603312342583428141e+00
-7.400000000000000355e+00 -3.769999999999999574e+00 1.450234166193087937e+01
-4.199999999999999289e+00 -2.469999999999999751e+00 -9.554180174829273398e+00
-7.000000000000000000e+00 -4.549999999999999822e+00 7.804990897684733753e+00
-9.400000000000000355e+00 -4.029999999999999361e+00 7.010570409636643774e+01
-2.599999999999999645e+00 -3.510000000000000231e+00 1.085963545318540646e+01
-7.799999999999999822e+00 -1.169999999999999929e+00 4.386260096139319131e+01
-1.999999999999992895e-01 -2.729999999999999538e+00 1.295983842757491544e+01
-3.799999999999999822e+00 -3.250000000000000000e+00 1.224852491725926029e+00
-6.000000000000014211e-01 -2.989999999999999769e+00 8.660947814976239556e+00
-4.599999999999999645e+00 -4.290000000000000036e+00 3.125176600949374883e+00
-8.199999999999999289e+00 -6.110000000000000320e+00 4.730814946383503639e+00
-1.400000000000000355e+00 -1.950000000000000178e+00 5.472158876563923968e+00
-5.400000000000000355e+00 -5.849999999999999645e+00 1.570940066044984373e+00
-1.799999999999998934e+00 -2.209999999999999964e+00 -9.305809565810925221e+00
-3.399999999999999467e+00 -5.070000000000000284e+00 4.665107116674173682e+01
-5.799999999999999822e+00 -9.100000000000001421e-01 4.488675279143487273e+01
-6.600000000000000533e+00 -3.900000000000005684e-01 4.456745850689140553e+01
-3.000000000000000000e+00 -1.690000000000000391e+00 -1.029143187920725069e+02
-9.000000000000000000e+00 -1.429999999999999716e+00 -2.870143209290351649e+01
-2.199999999999999289e+00 -6.499999999999994671e-01 -1.288460053469865940e+01
-5.000000000000000000e+00 -6.370000000000000107e+00 2.656056831470877455e+00
-8.599999999999999645e+00 -5.589999999999999858e+00 1.898681242856898876e+01
-1.000000000000000000e+00 -1.299999999999998934e-01 2.532418686876180214e+00
-3.674128511349366910e+00 -1.725570674305396679e-01 3.368933174829582100e+00
-9.171601363955009134e+00 -7.269675177329801841e-01 2.387314284057680425e+01
-1.106408243705704564e+00 -2.314780287260529867e+00 9.574950799389581491e+00
-5.939479414772836918e-01 -9.863340651219942856e-02 2.913780312974347364e+00
-8.300000000000000711e+00 -1.754999999999999893e+00 1.319178194474507393e+01
-4.299999999999998934e+00 -2.274999999999999467e+00 -1.026443707686293294e+01
-9.000000000000003553e-01 -2.665000000000000036e+00 7.805977002962277034e+00
-8.900000000000000355e+00 -2.535000000000000142e+00 1.182987793197040460e+01
-2.500000000000000000e+00 -1.950000000000002842e-01 -2.986276437437601849e+00
-1.300000000000000711e+00 -6.434999999999999609e+00 2.711631918489661075e+01
-3.500000000000000000e+00 -6.500000000000039080e-02 6.126736237596031920e+00
-2.099999999999999645e+00 -3.250000000000001776e-01 -2.801268302126192822e+00
-1.099999999999999645e+00 -2.665000000000000036e+00 5.640051276498272870e+00
-3.700000000000000178e+00 -6.434999999999999609e+00 -3.137573282080028392e-01
-9.099999999999999645e+00 -2.535000000000000142e+00 6.628551362987856521e+00
-1.699999999999999289e+00 -4.550000000000000711e-01 -1.044729969636714273e+00
-8.500000000000000000e+00 -6.304999999999999716e+00 2.823810039777824521e+00
-1.300000000000000711e+00 -2.794999999999999485e+00 3.263961736324805685e+00
-9.000000000000003553e-01 -1.950000000000002842e-01 2.858199632133293644e+00
-9.500000000000000000e+00 -7.149999999999998579e-01 2.632335045390849615e+01
-1.899999999999998579e+00 -1.950000000000002842e-01 4.464559834228380986e-01
-6.999999999999992895e-01 -6.500000000000039080e-02 2.712059265588763424e+00
-8.699999999999999289e+00 -6.304999999999999716e+00 3.145056870258182258e+00
-6.999999999999992895e-01 -2.405000000000000249e+00 1.470948285658601584e+01
-1.699999999999999289e+00 -2.794999999999999485e+00 -7.911869944256582077e-01
-6.000000000000014211e-01 -5.330000000000000071e+00 2.406740752259806726e+01
-3.000000000000000000e+00 -3.900000000000005684e-01 -1.978459783134587369e+01
-7.000000000000000000e+00 -1.429999999999999716e+00 6.954109211075662245e+01
-9.000000000000000000e+00 -1.950000000000000178e+00 -2.375602197062887910e+01
-5.799999999999999822e+00 -1.299999999999998934e-01 3.518996877496367404e+01
-6.600000000000000533e+00 -5.589999999999999858e+00 2.743181830995347958e+00
-1.999999999999992895e-01 -3.769999999999999574e+00 1.449450782822182227e+01
-5.400000000000000355e+00 -2.209999999999999964e+00 2.561582775401711132e+01
-2.599999999999999645e+00 -4.810000000000000497e+00 3.531612000197824131e+01
-6.200000000000000178e+00 -9.100000000000001421e-01 5.169915947282106572e+01
-4.599999999999999645e+00 -4.549999999999999822e+00 3.289866919642354226e+00
-7.400000000000000355e+00 -1.169999999999999929e+00 5.509991484578540621e+01
-2.199999999999999289e+00 -6.110000000000000320e+00 1.626944938808406249e+01
-1.799999999999998934e+00 -6.499999999999994671e-01 -4.394457969355453741e+00
-7.799999999999999822e+00 -5.070000000000000284e+00 9.799579470042299789e+00
-8.199999999999999289e+00 -1.690000000000000391e+00 1.841337474377532502e+01
-9.400000000000000355e+00 -2.729999999999999538e+00 1.557411902327790187e+01
-1.000000000000000000e+00 -6.370000000000000107e+00 3.048977217449117916e+01
-1.400000000000000355e+00 -2.989999999999999769e+00 2.866677575216998175e+00
-9.800000000000000711e+00 -4.290000000000000036e+00 6.730738595244777400e+01
-3.399999999999999467e+00 -5.849999999999999645e+00 2.473891789616837045e+01
-4.199999999999999289e+00 -4.029999999999999361e+00 6.665217514870882098e+00
-5.000000000000000000e+00 -3.250000000000000000e+00 3.871594672483923638e+00
-8.599999999999999645e+00 -3.510000000000000231e+00 3.091635807295424243e+01
-3.799999999999999822e+00 -2.469999999999999751e+00 -2.460372059626100949e+01
-4.299999999999998934e+00 -3.054999999999999716e+00 -3.702680685419434958e-01
-4.699999999999999289e+00 -1.884999999999999787e+00 4.716324183541803272e+00
-8.699999999999999289e+00 -1.625000000000000000e+00 -1.182845652833274386e+01
-9.500000000000000000e+00 -9.750000000000005329e-01 -1.606691743095893798e-01
-1.300000000000000711e+00 -8.449999999999997513e-01 4.606842245265368341e+00
-3.299999999999999822e+00 -6.434999999999999609e+00 -1.742999355778353632e+00
-8.900000000000000355e+00 -1.104999999999999538e+00 5.565250080761003915e-01
-4.699999999999999289e+00 -1.625000000000000000e+00 6.000377782338218502e+00
-3.700000000000000178e+00 -6.434999999999999609e+00 -3.137573282080028392e-01
-4.500000000000000000e+00 -1.884999999999999787e+00 -6.766595089911955796e+00
-4.299999999999998934e+00 -8.449999999999997513e-01 -1.893827606150678022e+00
-9.999999999999964473e-02 -1.950000000000002842e-01 3.952664440526376222e+00
-1.099999999999999645e+00 -3.250000000000001776e-01 2.756005666960886558e+00
-1.300000000000000711e+00 -5.849999999999999645e-01 2.543208751472947338e+00
-4.100000000000000533e+00 -1.950000000000002842e-01 1.054482055229857806e+01
-8.900000000000000355e+00 -1.495000000000000107e+00 -2.423958420092234434e+01
-4.699999999999999289e+00 -1.625000000000000000e+00 6.000377782338218502e+00
-6.999999999999992895e-01 -6.500000000000039080e-02 2.712059265588763424e+00
-8.099999999999999645e+00 -6.304999999999999716e+00 2.427751655353619142e+00
-9.099999999999999645e+00 -8.449999999999997513e-01 1.480260364361411973e+01
-4.100000000000000533e+00 -5.849999999999999645e-01 -6.349340904393798724e-01
-8.300000000000000711e+00 -1.234999999999999432e+00 2.369289261579758232e+01
-1.699999999999999289e+00 -1.950000000000002842e-01 1.036325497142765562e+00
-2.900000000000000355e+00 -6.500000000000039080e-02 1.858939621679438048e+00
-9.000000000000003553e-01 -4.550000000000000711e-01 4.627180121985175809e+00
-3.799999999999999822e+00 -2.989999999999999769e+00 -6.052019809467951816e+00
-8.599999999999999645e+00 -3.900000000000005684e-01 5.647760466062347717e+01
-1.799999999999998934e+00 -1.690000000000000391e+00 -1.652293307998185412e+01
-1.000000000000000000e+00 -3.250000000000000000e+00 6.393000156440254322e+00
-7.799999999999999822e+00 -5.589999999999999858e+00 6.509391225289957283e+00
-6.600000000000000533e+00 -4.290000000000000036e+00 7.208074979384081260e+00
-7.000000000000000000e+00 -2.469999999999999751e+00 3.033646875645170837e+01
-1.400000000000000355e+00 -4.029999999999999361e+00 8.641250257727678630e+00
-3.399999999999999467e+00 -6.499999999999994671e-01 -3.411811723266189489e+01
-5.799999999999999822e+00 -5.849999999999999645e+00 1.667778787104527094e+00
-1.999999999999992895e-01 -3.510000000000000231e+00 1.279231859727168086e+01
-4.599999999999999645e+00 -1.299999999999998934e-01 1.913253712108358329e+01
-9.800000000000000711e+00 -2.209999999999999964e+00 2.946877909611913537e-01
-2.199999999999999289e+00 -1.169999999999999929e+00 -3.397051799720185983e+01
-9.400000000000000355e+00 -4.810000000000000497e+00 7.433996544937632223e+01
-8.199999999999999289e+00 -2.729999999999999538e+00 2.510845669750406728e+01
-6.000000000000014211e-01 -6.110000000000000320e+00 3.217512288110766860e+01
-3.000000000000000000e+00 -4.549999999999999822e+00 5.318315698121587332e+01
-2.599999999999999645e+00 -5.330000000000000071e+00 3.219701349930363676e+01
-6.200000000000000178e+00 -1.429999999999999716e+00 7.406570697337733122e+01
-5.000000000000000000e+00 -6.370000000000000107e+00 2.656056831470877455e+00
-9.000000000000000000e+00 -5.070000000000000284e+00 5.065799339744850016e+01
-7.400000000000000355e+00 -1.950000000000000178e+00 4.654171533581020270e+01
-5.400000000000000355e+00 -9.100000000000001421e-01 3.486472872997682515e+01
-4.199999999999999289e+00 -3.769999999999999574e+00 5.021217283029305811e+00
-1.644882804108542373e+00 -1.767942184562567576e-01 1.302874388829964980e+00
-9.300000000000000711e+00 -6.304999999999999716e+00 4.996715861129812808e+00
-9.099999999999999645e+00 -2.535000000000000142e+00 6.628551362987856521e+00
-2.299999999999999822e+00 -6.500000000000039080e-02 1.880817047366163841e+00
-9.900000000000000355e+00 -2.144999999999999574e+00 4.121232939770884229e+00
-3.900000000000000355e+00 -7.149999999999998579e-01 -1.400304394107211259e+01
-3.500000000000000000e+00 -6.500000000000039080e-02 6.126736237596031920e+00
-3.299999999999999822e+00 -1.950000000000002842e-01 -4.529197251735611829e+00
-3.900000000000000355e+00 -6.304999999999999716e+00 3.292810725268028982e+00
-4.100000000000000533e+00 -8.449999999999997513e-01 -1.054068789040133503e+01
-9.699999999999999289e+00 -1.234999999999999432e+00 -1.490595868391197598e+01
-8.699999999999999289e+00 -2.144999999999999574e+00 3.019520866804555226e+00
-9.300000000000000711e+00 -1.104999999999999538e+00 -1.591307846217677024e+01
-4.299999999999998934e+00 -9.750000000000005329e-01 -6.149462215146925814e+00
-9.699999999999999289e+00 -1.104999999999999538e+00 -2.853043129002244882e+00
-4.100000000000000533e+00 -7.149999999999998579e-01 -5.283039394513766140e+00
-3.700000000000000178e+00 -6.304999999999999716e+00 3.712905646628495315e+00
-4.100000000000000533e+00 -8.449999999999997513e-01 -1.054068789040133503e+01
-4.299999999999998934e+00 -3.054999999999999716e+00 -3.702680685419434958e-01
-9.099999999999999645e+00 -9.750000000000005329e-01 2.494598781327397319e+00
-3.099999999999999645e+00 -1.950000000000002842e-01 -6.258330673269517419e+00
-8.699999999999999289e+00 -6.434999999999999609e+00 -9.054807450230528687e-01
-2.299999999999999822e+00 -6.500000000000039080e-02 1.880817047366163841e+00
-4.299999999999998934e+00 -3.185000000000000053e+00 5.511804004050815387e-01
-3.900000000000000355e+00 -7.149999999999998579e-01 -1.400304394107211259e+01
-5.799999999999999822e+00 -4.290000000000000036e+00 4.096630812085481743e+00
-7.799999999999999822e+00 -3.769999999999999574e+00 1.774352900825232027e+01
-3.799999999999999822e+00 -4.810000000000000497e+00 2.483027950380154536e+01
-6.000000000000014211e-01 -5.849999999999999645e+00 2.915097015182980300e+01
-6.200000000000000178e+00 -5.589999999999999858e+00 2.146360729740612872e+00
-3.000000000000000000e+00 -6.370000000000000107e+00 3.583431427021677607e+00
-1.400000000000000355e+00 -9.100000000000001421e-01 2.847123111953979269e+00
-1.799999999999998934e+00 -4.549999999999999822e+00 1.178471319559724151e+01
-3.399999999999999467e+00 -2.729999999999999538e+00 -2.556366529318771441e+01
-4.599999999999999645e+00 -5.070000000000000284e+00 3.335221068752847629e+00
-2.199999999999999289e+00 -2.469999999999999751e+00 -1.586457453466868017e+01
-9.400000000000000355e+00 -1.299999999999998934e-01 7.528235517387896891e+01
-8.199999999999999289e+00 -1.169999999999999929e+00 3.031601321542893857e+01
-1.999999999999992895e-01 -2.209999999999999964e+00 2.849482450608108763e+01
-7.400000000000000355e+00 -3.900000000000005684e-01 5.156556662324306473e+01
-7.000000000000000000e+00 -6.499999999999994671e-01 4.959534221186402903e+01
-5.000000000000000000e+00 -6.110000000000000320e+00 2.082717611484881104e+00
-4.199999999999999289e+00 -1.429999999999999716e+00 -2.718237123495244845e+01
-8.599999999999999645e+00 -3.510000000000000231e+00 3.091635807295424243e+01
-2.599999999999999645e+00 -1.690000000000000391e+00 -7.586488607513796012e+01
-9.000000000000000000e+00 -4.029999999999999361e+00 5.367419815559831164e+01
-5.400000000000000355e+00 -3.250000000000000000e+00 6.152075445905419215e+00
-1.000000000000000000e+00 -5.330000000000000071e+00 2.031506367439095939e+01
-9.800000000000000711e+00 -2.989999999999999769e+00 3.660388763894198405e+01
-6.600000000000000533e+00 -1.950000000000000178e+00 5.993674849846225783e+01
-2.482928608765910816e+00 -3.363814323738928191e+00 4.768650469783752399e+00
-4.433277591137124496e+00 -3.186180494595287627e+00 1.095661670724890069e+00
-2.500000000000000000e+00 -4.550000000000000711e-01 -1.344735212210347797e+01
-2.099999999999999645e+00 -6.500000000000039080e-02 1.946622617787477694e+00
-4.699999999999999289e+00 -2.405000000000000249e+00 3.192201517089231722e+00
-3.900000000000000355e+00 -6.500000000000039080e-02 1.117336568480447490e+01
-2.099999999999999645e+00 -3.250000000000001776e-01 -2.801268302126192822e+00
-3.299999999999999822e+00 -6.500000000000039080e-02 4.022005257632645936e+00
-2.500000000000000000e+00 -3.314999999999999947e+00 3.499189168259356109e+00
-4.699999999999999289e+00 -2.274999999999999467e+00 3.480243213243205513e+00
-7.900000000000000355e+00 -6.174999999999999822e+00 3.196155126653946965e+00
-8.099999999999999645e+00 -6.304999999999999716e+00 2.427751655353619142e+00
-2.299999999999999822e+00 -3.054999999999999716e+00 -2.988400084510990595e+00
-4.699999999999999289e+00 -1.625000000000000000e+00 6.000377782338218502e+00
-1.099999999999999645e+00 -6.500000000000039080e-02 2.393657907269415741e+00
-7.900000000000000355e+00 -6.174999999999999822e+00 3.196155126653946965e+00
-3.299999999999999822e+00 -3.185000000000000053e+00 -1.986862285847127152e-01
-9.000000000000003553e-01 -6.500000000000039080e-02 2.554521865445750883e+00
-2.099999999999999645e+00 -4.550000000000000711e-01 -5.533670206608119813e+00
-7.700000000000000178e+00 -6.304999999999999716e+00 2.337067429398708818e+00
-6.999999999999992895e-01 -3.250000000000001776e-01 4.163239205591192871e+00
-3.700000000000000178e+00 -1.950000000000002842e-01 2.861889063511258158e+00
-3.900000000000000355e+00 -6.434999999999999609e+00 7.202295344482285699e-01
-4.299999999999998934e+00 -9.750000000000005329e-01 -6.149462215146925814e+00
-1.500000000000000000e+00 -1.950000000000002842e-01 1.537642921263007167e+00
-5.799999999999999822e+00 -3.510000000000000231e+00 6.942541816547563194e+00
-7.400000000000000355e+00 -3.769999999999999574e+00 1.450234166193087937e+01
-4.199999999999999289e+00 -4.810000000000000497e+00 9.053373247660774226e+00
-9.400000000000000355e+00 -5.849999999999999645e+00 3.409286600081781415e+01
-3.000000000000000000e+00 -2.989999999999999769e+00 -1.164608181789915520e+01
-1.799999999999998934e+00 -6.499999999999994671e-01 -4.394457969355453741e+00
-2.599999999999999645e+00 -3.900000000000005684e-01 -1.282580897050473467e+01
-7.000000000000000000e+00 -5.330000000000000071e+00 4.435140777405917056e+00
-6.000000000000014211e-01 -1.950000000000000178e+00 3.495191087160837640e+01
-6.200000000000000178e+00 -4.290000000000000036e+00 5.564492567823894120e+00
-1.400000000000000355e+00 -3.250000000000000000e+00 4.014486056574097184e+00
-5.400000000000000355e+00 -6.370000000000000107e+00 2.909264315133260226e+00
-9.800000000000000711e+00 -4.549999999999999822e+00 6.762084724839644423e+01
-7.799999999999999822e+00 -5.589999999999999858e+00 6.509391225289957283e+00
-8.199999999999999289e+00 -2.209999999999999964e+00 2.231660696529667121e+01
-5.000000000000000000e+00 -9.100000000000001421e-01 2.238435172778486049e+01
-3.399999999999999467e+00 -1.690000000000000391e+00 -9.590769180390923054e+01
-3.799999999999999822e+00 -5.070000000000000284e+00 2.397377243930253954e+01
-4.599999999999999645e+00 -1.169999999999999929e+00 4.105132008996237758e+00
-8.599999999999999645e+00 -6.110000000000000320e+00 7.739120072412501550e+00
-6.600000000000000533e+00 -1.299999999999998934e-01 4.513519490798481826e+01
-1.000000000000000000e+00 -2.729999999999999538e+00 6.335219241305904525e+00
-1.999999999999992895e-01 -1.429999999999999716e+00 5.196061743130297117e+01
-2.199999999999999289e+00 -2.469999999999999751e+00 -1.586457453466868017e+01
-9.000000000000000000e+00 -4.029999999999999361e+00 5.367419815559831164e+01
-9.418652965114063136e+00 -6.443967909740485389e+00 -3.732479511040331488e+00
-4.323976562256255818e+00 -3.016011401386394564e+00 -4.708092063320035159e-01
-8.330117009912106241e+00 -1.839504606532208264e+00 1.233458209249511839e+01
-9.699999999999999289e+00 -8.449999999999997513e-01 2.280001379761108637e+01
-4.699999999999999289e+00 -1.234999999999999432e+00 8.832309892159813103e+00
-4.299999999999998934e+00 -2.794999999999999485e+00 -2.564061912175664926e+00
-8.900000000000000355e+00 -1.754999999999999893e+00 -2.502681273857862720e+01
-4.500000000000000000e+00 -2.014999999999999680e+00 -5.616652046293798328e+00
-4.100000000000000533e+00 -4.550000000000000711e-01 3.473185321984638918e+00
-8.699999999999999289e+00 -1.365000000000000213e+00 -4.611665915644117320e+00
-1.899999999999998579e+00 -2.924999999999999822e+00 -1.601921879522629988e+00
-1.699999999999999289e+00 -2.535000000000000142e+00 -2.857289596776197538e+00
-8.900000000000000355e+00 -2.274999999999999467e+00 -1.530459008516444896e-01
-9.900000000000000355e+00 -1.234999999999999432e+00 2.631739365238729533e+00
-9.000000000000003553e-01 -1.950000000000002842e-01 2.858199632133293644e+00
-8.699999999999999289e+00 -1.365000000000000213e+00 -4.611665915644117320e+00
-9.500000000000000000e+00 -2.405000000000000249e+00 -2.239227947720017653e+00
-4.699999999999999289e+00 -2.794999999999999485e+00 2.607770908666897203e+00
-6.999999999999992895e-01 -1.950000000000002842e-01 3.230596386756607874e+00
-2.099999999999999645e+00 -6.500000000000039080e-02 1.946622617787477694e+00
-1.300000000000000711e+00 -9.750000000000005329e-01 6.242478051670706130e+00
-1.699999999999999289e+00 -1.104999999999999538e+00 -7.487383495648751719e+00
-4.500000000000000000e+00 -1.365000000000000213e+00 -4.994560027912759992e+00
-7.700000000000000178e+00 -6.434999999999999609e+00 1.867743239638540054e+00
-9.500000000000000000e+00 -2.144999999999999574e+00 -2.064228697205826535e+01
-9.800000000000000711e+00 -2.469999999999999751e+00 1.495446345027055202e+01
-7.000000000000000000e+00 -2.729999999999999538e+00 2.316109191326698991e+01
-5.400000000000000355e+00 -5.330000000000000071e+00 1.593281123328476268e+00
-1.799999999999998934e+00 -4.029999999999999361e+00 8.233129937966051415e+00
-7.400000000000000355e+00 -1.950000000000000178e+00 4.654171533581020270e+01
-1.400000000000000355e+00 -2.209999999999999964e+00 3.437952076341399987e+00
-8.599999999999999645e+00 -5.849999999999999645e+00 1.364105794536136074e+01
-2.599999999999999645e+00 -1.429999999999999716e+00 -7.473188282687263495e+01
-1.999999999999992895e-01 -3.250000000000000000e+00 1.158172348822920128e+01
-5.799999999999999822e+00 -3.900000000000005684e-01 3.483258709142421594e+01
-8.199999999999999289e+00 -1.169999999999999929e+00 3.031601321542893857e+01
-2.199999999999999289e+00 -9.100000000000001421e-01 -2.265211820236122975e+01
-3.799999999999999822e+00 -5.589999999999999858e+00 1.809812902206320118e+01
-7.799999999999999822e+00 -6.499999999999994671e-01 5.035106199721207076e+01
-6.600000000000000533e+00 -4.549999999999999822e+00 6.142188174053008431e+00
-6.200000000000000178e+00 -1.690000000000000391e+00 7.223648538781041850e+01
-1.000000000000000000e+00 -3.510000000000000231e+00 7.558648359039020548e+00
-5.000000000000000000e+00 -5.070000000000000284e+00 1.854543232312374501e+00
-9.400000000000000355e+00 -4.810000000000000497e+00 7.433996544937632223e+01
-9.000000000000000000e+00 -6.110000000000000320e+00 1.319057482206594223e+01
-6.000000000000014211e-01 -4.290000000000000036e+00 1.538820282064139100e+01
-4.599999999999999645e+00 -2.989999999999999769e+00 1.650015378006797206e+00
-3.000000000000000000e+00 -3.769999999999999574e+00 3.025919387625047463e+01
-3.399999999999999467e+00 -6.370000000000000107e+00 1.521855405029056030e+00
-4.199999999999999289e+00 -1.299999999999998934e-01 1.361388674904748797e+01
